
   0.844098   -0.241133   -0.030262   -0.000004    0.000049   -0.000004   -0.000032 
  -0.241133    0.601495   -0.098777   -0.000051    0.000023    0.000000   -0.000023 
  -0.030262   -0.098777    0.022752    0.000804    0.000098    0.000035   -0.000000 
  -0.000004   -0.000051    0.000804    0.697847   -0.263909   -0.086900    0.045429 
   0.000049    0.000023    0.000098   -0.263909    0.703934   -0.167714   -0.090282 
  -0.000004    0.000000    0.000035   -0.086900   -0.167714    0.685227   -0.167599 
  -0.000032   -0.000023   -0.000000    0.045429   -0.090282   -0.167599    0.623688 

