
   0.127202    0.215721    0.031477    0.000045    0.000034    0.000002   -0.000021 
   0.215721    0.367725    0.096062    0.000110    0.000062    0.000006   -0.000035 
   0.031477    0.096062    0.973416   -0.000796   -0.000100   -0.000032    0.000002 
   0.000045    0.000110   -0.000796    0.302152    0.264052    0.086706   -0.035516 
   0.000034    0.000062   -0.000100    0.264052    0.296064    0.163298   -0.043051 
   0.000002    0.000006   -0.000032    0.086706    0.163298    0.314773    0.186867 
  -0.000021   -0.000035    0.000002   -0.035516   -0.043051    0.186867    0.376310 

